-2.55775e+07 -2.60618e+07
-2.55771e+07 -2.75674e+07
-2.55766e+07 -2.72355e+07
-2.55802e+07 -3.32602e+07
-2.55798e+07 -2.68042e+07
-2.55752e+07 -2.56982e+07
-2.55788e+07 -3.18641e+07
-2.55835e+07 -2.92814e+07
-2.55872e+07 -3.06349e+07
-2.55885e+07 -2.82143e+07
-2.55896e+07 -2.98332e+07
-2.55933e+07 -2.56072e+07
-2.55924e+07 -3.43633e+07
-2.55954e+07 -2.62031e+07
-2.55972e+07 -2.9737e+07
-2.55978e+07 -3.15806e+07
-2.5598e+07 -2.69718e+07
-2.5598e+07 -2.77078e+07
-2.56058e+07 -3.09137e+07
-2.56063e+07 -3.09801e+07
-2.56125e+07 -2.99467e+07
-2.56064e+07 -2.84646e+07
-2.56108e+07 -2.62625e+07
-2.56043e+07 -3.27883e+07
-2.56115e+07 -3.15764e+07
