8889.24	-183158	8889.22	-183147	0.0178839	11.6939	11.6939
8877.32	-172060	8877.3	-172048	0.0179299	11.7434	11.7434
8865.39	-160961	8865.38	-160950	0.0174871	11.3379	11.3379
8853.47	-149862	8853.45	-149850	0.017573	11.4245	11.4245
8841.54	-138762	8841.53	-138750	0.0177313	11.5784	11.5785
8829.62	-127662	8829.6	-127650	0.0175057	11.3751	11.3752
8817.69	-116561	8817.67	-116550	0.0172925	11.1833	11.1833
8805.77	-105461	8805.75	-105449	0.017488	11.3719	11.3719
8793.84	-94359.5	8793.82	-94348.2	0.0174059	11.3022	11.3022
17778.5	-183144	17778.4	-183131	0.0255071	13.2856	13.2856
17754.6	-172046	17754.6	-172032	0.025613	13.333	13.333
17730.8	-160947	17730.8	-160934	0.0247411	12.9253	12.9253
17706.9	-149847	17706.9	-149834	0.0249267	13.0098	13.0098
17683.1	-138748	17683.1	-138734	0.0252571	13.1616	13.1616
17659.2	-127647	17659.2	-127635	0.0248197	12.9562	12.9562
17635.4	-116547	17635.3	-116534	0.024407	12.7622	12.7622
17611.5	-105446	17611.5	-105433	0.0248117	12.9487	12.9487
17587.7	-94345.3	17587.6	-94332.5	0.0246614	12.8768	12.8768
26667.7	-183120	26667.7	-183115	0.0126092	5.32698	5.32699
26631.9	-172022	26631.9	-172016	0.0128025	5.38504	5.38505
26596.1	-160923	26596.1	-160918	0.011529	4.98805	4.98807
26560.4	-149824	26560.4	-149818	0.0118418	5.0832	5.08322
26524.6	-138724	26524.6	-138719	0.0123718	5.24571	5.24573
26488.8	-127624	26488.8	-127619	0.0117501	5.05096	5.05097
26453	-116523	26453	-116518	0.0111655	4.86768	4.86769
26417.3	-105423	26417.2	-105418	0.011807	5.06479	5.0648
26381.5	-94321.7	26381.5	-94316.7	0.011616	5.00363	5.00364
35556.9	-183087	35556.8	-183078	0.0449337	9.0409	9.04101
35509.2	-171988	35509.1	-171979	0.0451537	9.09398	9.09409
35461.5	-160890	35461.4	-160881	0.0434181	8.69201	8.69212
35413.8	-149790	35413.7	-149781	0.0437974	8.78218	8.78229
35366.1	-138691	35366	-138682	0.0444662	8.93971	8.93982
35318.4	-127591	35318.3	-127582	0.0435997	8.73997	8.74008
35270.7	-116490	35270.6	-116482	0.0427825	8.55171	8.55182
35223	-105390	35222.9	-105381	0.0436	8.74383	8.74394
35175.3	-94288.6	35175.2	-94280	0.0433076	8.67769	8.6778
44446	-183044	44445.9	-183030	0.0742181	13.816	13.8162
44386.4	-171945	44386.3	-171932	0.0744688	13.8627	13.8629
44326.8	-160847	44326.7	-160833	0.0722751	13.4543	13.4545
44267.1	-149747	44267.1	-149734	0.0727251	13.538	13.5382
44207.5	-138648	44207.4	-138634	0.0735369	13.6892	13.6894
44147.9	-127548	44147.8	-127534	0.0724295	13.483	13.4832
44088.3	-116448	44088.2	-116434	0.0713838	13.2884	13.2886
44028.6	-105347	44028.6	-105334	0.0723814	13.4741	13.4743
43969	-94246.1	43968.9	-94232.7	0.0719917	13.4015	13.4017
53335.1	-182991	53335	-182982	0.0521997	9.04086	9.04101
53263.6	-171893	53263.5	-171884	0.05255	9.09394	9.09409
53192	-160794	53192	-160786	0.049967	8.69198	8.69212
53120.5	-149695	53120.4	-149686	0.0505564	8.78214	8.78229
53048.9	-138596	53048.9	-138587	0.05158	8.93967	8.93982
52977.4	-127496	52977.3	-127487	0.0503006	8.73993	8.74008
52905.8	-116395	52905.7	-116387	0.0490952	8.55168	8.55182
52834.2	-105295	52834.2	-105286	0.0503418	8.7438	8.74394
52762.7	-94194.2	52762.6	-94185.5	0.0499237	8.67766	8.6778
62224.1	-182929	62224.1	-182924	0.0446219	5.32681	5.32699
62140.7	-171831	62140.6	-171826	0.0450524	5.38486	5.38505
62057.2	-160732	62057.1	-160727	0.0420607	4.98789	4.98807
61973.7	-149633	61973.7	-149628	0.0427702	5.08304	5.08322
61890.2	-138534	61890.2	-138529	0.0439863	5.24554	5.24573
61806.8	-127434	61806.7	-127429	0.0425154	5.05079	5.05097
61723.3	-116334	61723.2	-116329	0.041131	4.86752	4.86769
61639.8	-105233	61639.7	-105228	0.0426072	5.06462	5.0648
61556.3	-94132.8	61556.3	-94127.8	0.0421412	5.00347	5.00364
71113.1	-182858	71113	-182844	0.117228	13.2851	13.2856
71017.7	-171759	71017.6	-171746	0.117631	13.3325	13.333
70922.3	-160661	70922.2	-160648	0.114123	12.9248	12.9253
70826.9	-149562	70826.8	-149549	0.114845	13.0093	13.0098
70731.5	-138463	70731.4	-138449	0.116146	13.1611	13.1616
70636.1	-127363	70636	-127350	0.114376	12.9557	12.9562
70540.7	-116263	70540.6	-116250	0.112705	12.7617	12.7622
70445.3	-105162	70445.2	-105150	0.114303	12.9482	12.9487
70349.9	-94061.9	70349.7	-94049	0.113682	12.8763	12.8768
80001.9	-182776	80001.8	-182765	0.10775	11.6934	11.6939
79894.6	-171678	79894.5	-171667	0.108236	11.7429	11.7434
79787.3	-160580	79787.2	-160569	0.104322	11.3374	11.3379
79680	-149481	79679.9	-149470	0.105167	11.424	11.4245
79572.7	-138382	79572.6	-138370	0.106663	11.578	11.5785
79465.3	-127282	79465.2	-127271	0.104704	11.3747	11.3752
79358	-116182	79357.9	-116171	0.102856	11.1829	11.1833
79250.7	-105082	79250.6	-105071	0.104687	11.3714	11.3719
79143.3	-93981.6	79143.2	-93970.3	0.10402	11.3017	11.3022
88890.7	-182686	88890.7	-182685	0.00592854	0.551795	0.551827
88771.5	-171588	88771.5	-171587	0.00662111	0.616255	0.61629
88652.2	-160489	88652.2	-160489	0.0024249	0.225696	0.225709
88533	-149391	88533	-149390	0.00351597	0.327247	0.327265
88413.8	-138292	88413.7	-138291	0.00533075	0.496156	0.496185
88294.5	-127192	88294.5	-127192	0.00330717	0.307813	0.307831
88175.2	-116092	88175.2	-116092	0.00140698	0.130954	0.130961
88056	-104992	88056	-104992	0.00359341	0.334455	0.334474
87936.7	-93891.8	87936.7	-93891.6	0.00300522	0.279709	0.279725

Reverse
-94.9	37.1	-94.9	37.1	-94.9	37.1	0	1.42109e-14	1.42109e-14	2.64466e-08	2.23653e-07	2.25211e-07	2.64466e-08	2.23653e-07	2.25211e-07	
-94.9	37.2	-94.9	37.2	-94.9	37.2	0	1.42109e-14	1.42109e-14	3.45912e-08	4.39421e-07	4.40781e-07	3.45912e-08	4.39421e-07	4.40781e-07	
-94.9	37.3	-94.9	37.3	-94.9	37.3	0	4.26326e-14	4.26326e-14	2.64886e-07	6.54688e-07	7.06244e-07	2.64886e-07	6.54688e-07	7.06244e-07	
-94.9	37.4	-94.9	37.4	-94.9	37.4	0	4.26326e-14	4.26326e-14	1.33172e-07	7.34844e-07	7.46813e-07	1.33172e-07	7.34843e-07	7.46813e-07	
-94.9	37.5	-94.9	37.5	-94.9	37.5	0	2.84217e-14	2.84217e-14	5.49362e-08	9.91178e-07	9.92699e-07	5.49362e-08	9.91178e-07	9.92699e-07	
-94.9	37.6	-94.9	37.6	-94.9	37.6	0	2.13163e-14	2.13163e-14	1.20823e-07	1.247e-06	1.25284e-06	1.20823e-07	1.247e-06	1.25284e-06	
-94.9	37.7	-94.9	37.7	-94.9	37.7	0	2.84217e-14	2.84217e-14	2.86079e-07	1.25886e-06	1.29095e-06	2.86079e-07	1.25886e-06	1.29095e-06	
-94.9	37.8	-94.9	37.8	-94.9	37.8	0	2.13163e-14	2.13163e-14	3.13177e-08	1.52637e-06	1.52669e-06	3.13177e-08	1.52637e-06	1.52669e-06	
-94.9	37.9	-94.9	37.9	-94.9	37.9	0	3.55271e-14	3.55271e-14	1.85281e-08	1.79337e-06	1.79347e-06	1.85281e-08	1.79337e-06	1.79347e-06	
-94.8	37.1	-94.8	37.1	-94.8	37.1	0	1.42109e-14	1.42109e-14	3.32556e-07	4.18513e-07	5.34553e-07	3.32556e-07	4.18513e-07	5.34553e-07	
-94.8	37.2	-94.8	37.2	-94.8	37.2	0	1.42109e-14	1.42109e-14	4.53598e-07	8.20718e-07	9.37726e-07	4.53598e-07	8.20718e-07	9.37726e-07	
-94.8	37.3	-94.8	37.3	-94.8	37.3	0	4.26326e-14	4.26326e-14	1.46387e-07	1.22192e-06	1.23066e-06	1.46387e-07	1.22192e-06	1.23066e-06	
-94.8	37.4	-94.8	37.4	-94.8	37.4	0	4.26326e-14	4.26326e-14	1.1947e-07	1.50728e-06	1.512e-06	1.1947e-07	1.50728e-06	1.512e-06	
-94.8	37.5	-94.8	37.5	-94.8	37.5	0	2.84217e-14	2.84217e-14	4.94648e-07	1.95164e-06	2.01335e-06	4.94648e-07	1.95164e-06	2.01335e-06	
-94.8	37.6	-94.8	37.6	-94.8	37.6	0	2.13163e-14	2.13163e-14	1.42092e-07	2.39498e-06	2.39919e-06	1.42092e-07	2.39498e-06	2.39919e-06	
-94.8	37.7	-94.8	37.7	-94.8	37.7	0	2.84217e-14	2.84217e-14	1.85976e-07	2.60775e-06	2.61437e-06	1.85976e-07	2.60775e-06	2.61437e-06	
-94.8	37.8	-94.8	37.8	-94.8	37.8	0	2.13163e-14	2.13163e-14	4.47773e-07	3.06491e-06	3.09744e-06	4.47773e-07	3.06491e-06	3.09744e-06	
-94.8	37.9	-94.8	37.9	-94.8	37.9	0	3.55271e-14	3.55271e-14	3.47039e-07	3.52103e-06	3.53809e-06	3.47039e-07	3.52103e-06	3.53809e-06	
-94.7	37.1	-94.7	37.1	-94.7	37.1	0	4.26326e-14	4.26326e-14	1.07701e-06	6.13909e-07	1.23969e-06	1.07701e-06	6.13909e-07	1.23969e-06	
-94.7	37.2	-94.7	37.2	-94.7	37.2	0	1.42109e-14	1.42109e-14	1.25702e-06	1.20255e-06	1.73961e-06	1.25702e-06	1.20255e-06	1.73961e-06	
-94.7	37.3	-94.7	37.3	-94.7	37.3	0	5.68434e-14	5.68434e-14	3.55495e-07	1.78969e-06	1.82465e-06	3.55495e-07	1.78969e-06	1.82465e-06	
-94.7	37.4	-94.7	37.4	-94.7	37.4	0	4.26326e-14	4.26326e-14	7.57926e-07	2.28025e-06	2.40291e-06	7.57926e-07	2.28025e-06	2.40291e-06	
-94.7	37.5	-94.7	37.5	-94.7	37.5	0	2.84217e-14	2.84217e-14	1.31913e-06	2.91264e-06	3.19743e-06	1.31913e-06	2.91264e-06	3.19743e-06	
-94.7	37.6	-94.7	37.6	-94.7	37.6	0	2.13163e-14	2.13163e-14	7.88744e-07	3.5435e-06	3.63022e-06	7.88744e-07	3.5435e-06	3.63022e-06	
-94.7	37.7	-94.7	37.7	-94.7	37.7	0	2.84217e-14	2.84217e-14	3.00308e-07	3.95718e-06	3.96856e-06	3.00308e-07	3.95718e-06	3.96856e-06	
-94.7	37.8	-94.7	37.8	-94.7	37.8	0	2.13163e-14	2.13163e-14	1.24937e-06	4.60398e-06	4.77049e-06	1.24937e-06	4.60398e-06	4.77049e-06	
-94.7	37.9	-94.7	37.9	-94.7	37.9	0	3.55271e-14	3.55271e-14	1.0967e-06	5.24923e-06	5.36257e-06	1.0967e-06	5.24923e-06	5.36257e-06	
-94.6	37.1	-94.6	37.1	-94.6	37.1	0	1.42109e-14	1.42109e-14	6.76539e-07	2.01964e-07	7.06041e-07	6.76539e-07	2.01964e-07	7.06041e-07	
-94.6	37.2	-94.6	37.2	-94.6	37.2	0	1.42109e-14	1.42109e-14	9.1871e-07	4.65898e-07	1.03009e-06	9.1871e-07	4.65898e-07	1.03009e-06	
-94.6	37.3	-94.6	37.3	-94.6	37.3	0	5.68434e-14	5.68434e-14	2.81049e-07	7.3585e-07	7.87696e-07	2.81049e-07	7.3585e-07	7.87696e-07	
-94.6	37.4	-94.6	37.4	-94.6	37.4	0	4.26326e-14	4.26326e-14	2.73983e-07	1.0609e-06	1.09571e-06	2.73983e-07	1.0609e-06	1.09571e-06	
-94.6	37.5	-94.6	37.5	-94.6	37.5	0	2.84217e-14	2.84217e-14	1.0246e-06	1.28772e-06	1.64561e-06	1.0246e-06	1.28772e-06	1.64561e-06	
-94.6	37.6	-94.6	37.6	-94.6	37.6	0	2.13163e-14	2.13163e-14	3.19883e-07	1.52067e-06	1.55395e-06	3.19883e-07	1.52067e-06	1.55395e-06	
-94.6	37.7	-94.6	37.7	-94.6	37.7	0	2.84217e-14	2.84217e-14	3.12579e-07	1.94297e-06	1.96796e-06	3.12579e-07	1.94297e-06	1.96796e-06	
-94.6	37.8	-94.6	37.8	-94.6	37.8	0	1.42109e-14	1.42109e-14	9.55369e-07	2.16217e-06	2.36383e-06	9.55369e-07	2.16217e-06	2.36383e-06	
-94.6	37.9	-94.6	37.9	-94.6	37.9	0	3.55271e-14	3.55271e-14	7.54479e-07	2.38759e-06	2.50396e-06	7.54479e-07	2.38759e-06	2.50396e-06	
-94.5	37.1	-94.5	37.1	-94.5	37.1	0	1.42109e-14	1.42109e-14	5.21629e-07	3.82143e-07	6.4663e-07	5.21629e-07	3.82143e-07	6.4663e-07	
-94.5	37.2	-94.5	37.2	-94.5	37.2	0	1.42109e-14	1.42109e-14	8.07926e-07	6.77462e-07	1.05437e-06	8.07926e-07	6.77462e-07	1.05437e-06	
-94.5	37.3	-94.5	37.3	-94.5	37.3	0	5.68434e-14	5.68434e-14	7.08177e-07	9.65258e-07	1.19718e-06	7.08177e-07	9.65258e-07	1.19718e-06	
-94.5	37.4	-94.5	37.4	-94.5	37.4	0	2.13163e-14	2.13163e-14	4.93648e-09	1.25589e-06	1.2559e-06	4.93648e-09	1.25589e-06	1.2559e-06	
-94.5	37.5	-94.5	37.5	-94.5	37.5	0	1.42109e-14	1.42109e-14	9.16722e-07	1.59309e-06	1.83802e-06	9.16722e-07	1.59309e-06	1.83802e-06	
-94.5	37.6	-94.5	37.6	-94.5	37.6	0	0	0	1.92195e-08	1.92264e-06	1.92273e-06	1.92195e-08	1.92264e-06	1.92273e-06	
-94.5	37.7	-94.5	37.7	-94.5	37.7	0	2.84217e-14	2.84217e-14	7.61907e-07	2.10315e-06	2.23691e-06	7.61907e-07	2.10315e-06	2.23691e-06	
-94.5	37.8	-94.5	37.8	-94.5	37.8	0	2.13163e-14	2.13163e-14	8.06208e-07	2.45282e-06	2.58192e-06	8.06208e-07	2.45282e-06	2.58192e-06	
-94.5	37.9	-94.5	37.9	-94.5	37.9	0	3.55271e-14	3.55271e-14	5.3829e-07	2.79472e-06	2.84609e-06	5.3829e-07	2.79472e-06	2.84609e-06	
-94.4	37.1	-94.4	37.1	-94.4	37.1	0	1.42109e-14	1.42109e-14	1.52296e-06	9.71076e-07	1.80621e-06	1.52296e-06	9.71076e-07	1.80621e-06	
-94.4	37.2	-94.4	37.2	-94.4	37.2	0	1.42109e-14	1.42109e-14	1.85028e-06	1.82563e-06	2.59932e-06	1.85028e-06	1.82563e-06	2.59932e-06	
-94.4	37.3	-94.4	37.3	-94.4	37.3	0	4.26326e-14	4.26326e-14	1.47388e-08	2.67117e-06	2.67121e-06	1.47388e-08	2.67117e-06	2.67121e-06	
-94.4	37.4	-94.4	37.4	-94.4	37.4	0	7.81597e-14	7.81597e-14	8.73476e-07	3.57754e-06	3.68263e-06	8.73476e-07	3.57754e-06	3.68263e-06	
-94.4	37.5	-94.4	37.5	-94.4	37.5	0	2.84217e-14	2.84217e-14	1.96306e-06	4.47875e-06	4.89007e-06	1.96306e-06	4.47875e-06	4.89007e-06	
-94.4	37.6	-94.4	37.6	-94.4	37.6	0	2.13163e-14	2.13163e-14	8.6966e-07	5.37078e-06	5.44074e-06	8.6966e-07	5.37078e-06	5.44074e-06	
-94.4	37.7	-94.4	37.7	-94.4	37.7	0	2.84217e-14	2.84217e-14	5.28018e-08	6.15419e-06	6.15441e-06	5.28018e-08	6.15419e-06	6.15441e-06	
-94.4	37.8	-94.4	37.8	-94.4	37.8	0	2.13163e-14	2.13163e-14	1.81235e-06	7.07272e-06	7.30123e-06	1.81235e-06	7.07272e-06	7.30123e-06	
-94.4	37.9	-94.4	37.9	-94.4	37.9	0	3.55271e-14	3.55271e-14	1.47428e-06	7.98191e-06	8.11692e-06	1.47428e-06	7.98191e-06	8.11692e-06	
-94.3	37.1	-94.3	37.1	-94.3	37.1	0	4.26326e-14	4.26326e-14	2.05598e-06	8.60501e-07	2.22879e-06	2.05598e-06	8.60501e-07	2.22879e-06	
-94.3	37.2	-94.3	37.2	-94.3	37.2	0	1.42109e-14	1.42109e-14	2.46057e-06	1.89751e-06	3.10724e-06	2.46057e-06	1.89751e-06	3.10724e-06	
-94.3	37.3	-94.3	37.3	-94.3	37.3	0	4.26326e-14	4.26326e-14	3.42235e-07	2.95207e-06	2.97184e-06	3.42235e-07	2.95207e-06	2.97184e-06	
-94.3	37.4	-94.3	37.4	-94.3	37.4	0	4.26326e-14	4.26326e-14	1.41189e-06	3.88183e-06	4.13062e-06	1.41189e-06	3.88183e-06	4.13062e-06	
-94.3	37.5	-94.3	37.5	-94.3	37.5	0	2.84217e-14	2.84217e-14	2.70667e-06	4.88705e-06	5.58653e-06	2.70667e-06	4.88705e-06	5.58653e-06	
-94.3	37.6	-94.3	37.6	-94.3	37.6	0	2.13163e-14	2.13163e-14	1.45507e-06	5.91012e-06	6.0866e-06	1.45507e-06	5.91012e-06	6.0866e-06	
-94.3	37.7	-94.3	37.7	-94.3	37.7	0	2.84217e-14	2.84217e-14	4.4789e-07	6.99932e-06	7.01364e-06	4.4789e-07	6.99932e-06	7.01364e-06	
-94.3	37.8	-94.3	37.8	-94.3	37.8	0	2.84217e-14	2.84217e-14	2.64843e-06	8.00241e-06	8.42928e-06	2.64843e-06	8.00241e-06	8.42928e-06	
-94.3	37.9	-94.3	37.9	-94.3	37.9	0	7.10543e-15	7.10543e-15	2.27896e-06	9.02364e-06	9.30698e-06	2.27896e-06	9.02364e-06	9.30698e-06	
-94.2	37.1	-94.2	37.1	-94.2	37.1	0	1.42109e-14	1.42109e-14	8.72909e-07	1.11432e-07	8.79992e-07	8.72909e-07	1.11432e-07	8.79992e-07	
-94.2	37.2	-94.2	37.2	-94.2	37.2	0	1.42109e-14	1.42109e-14	1.28987e-06	6.31328e-09	1.28989e-06	1.28987e-06	6.31329e-09	1.28989e-06	
-94.2	37.3	-94.2	37.3	-94.2	37.3	0	4.26326e-14	4.26326e-14	1.17647e-06	1.18863e-07	1.18246e-06	1.17647e-06	1.18863e-07	1.18246e-06	
-94.2	37.4	-94.2	37.4	-94.2	37.4	0	4.26326e-14	4.26326e-14	6.95092e-08	2.22165e-08	7.29733e-08	6.95092e-08	2.22165e-08	7.29733e-08	
-94.2	37.5	-94.2	37.5	-94.2	37.5	0	2.84217e-14	2.84217e-14	1.50328e-06	8.75967e-08	1.50583e-06	1.50328e-06	8.75967e-08	1.50583e-06	
-94.2	37.6	-94.2	37.6	-94.2	37.6	0	2.13163e-14	2.13163e-14	2.69289e-08	1.73373e-07	1.75452e-07	2.69289e-08	1.73373e-07	1.75452e-07	
-94.2	37.7	-94.2	37.7	-94.2	37.7	0	2.84217e-14	2.84217e-14	1.10063e-06	2.576e-07	1.13037e-06	1.10063e-06	2.576e-07	1.13037e-06	
-94.2	37.8	-94.2	37.8	-94.2	37.8	0	2.13163e-14	2.13163e-14	1.36771e-06	3.12773e-07	1.40302e-06	1.36771e-06	3.12773e-07	1.40302e-06	
-94.2	37.9	-94.2	37.9	-94.2	37.9	0	3.55271e-14	3.55271e-14	8.98944e-07	3.88688e-07	9.79377e-07	8.98944e-07	3.88688e-07	9.79377e-07	
-94.1	37.1	-94.1	37.1	-94.1	37.1	0	4.26326e-14	4.26326e-14	1.61654e-06	1.09677e-06	1.95348e-06	1.61654e-06	1.09677e-06	1.95348e-06	
-94.1	37.2	-94.1	37.2	-94.1	37.2	0	1.42109e-14	1.42109e-14	2.04071e-06	1.92351e-06	2.80435e-06	2.04071e-06	1.92351e-06	2.80435e-06	
-94.1	37.3	-94.1	37.3	-94.1	37.3	0	4.26326e-14	4.26326e-14	7.78796e-07	2.72768e-06	2.83668e-06	7.78796e-07	2.72768e-06	2.83668e-06	
-94.1	37.4	-94.1	37.4	-94.1	37.4	0	2.13163e-14	2.13163e-14	6.55652e-07	3.85091e-06	3.90633e-06	6.55652e-07	3.85091e-06	3.90633e-06	
-94.1	37.5	-94.1	37.5	-94.1	37.5	0	2.84217e-14	2.84217e-14	2.22321e-06	4.72534e-06	5.22221e-06	2.22321e-06	4.72534e-06	5.22221e-06	
-94.1	37.6	-94.1	37.6	-94.1	37.6	0	0	0	5.1693e-07	5.57682e-06	5.60072e-06	5.1693e-07	5.57682e-06	5.60072e-06	
-94.1	37.7	-94.1	37.7	-94.1	37.7	0	2.84217e-14	2.84217e-14	7.18797e-07	6.49776e-06	6.53739e-06	7.18797e-07	6.49776e-06	6.53739e-06	
-94.1	37.8	-94.1	37.8	-94.1	37.8	0	1.42109e-14	1.42109e-14	2.01213e-06	7.39046e-06	7.65947e-06	2.01213e-06	7.39046e-06	7.65947e-06	
-94.1	37.9	-94.1	37.9	-94.1	37.9	0	3.55271e-14	3.55271e-14	1.43885e-06	8.25983e-06	8.38421e-06	1.43885e-06	8.25983e-06	8.38421e-06	
-94	37.1	-94	37.1	-94	37.1	0	4.26326e-14	4.26326e-14	4.28687e-06	2.09551e-06	4.77162e-06	4.28687e-06	2.09551e-06	4.77162e-06	
-94	37.2	-94	37.2	-94	37.2	0	1.42109e-14	1.42109e-14	4.71308e-06	3.85406e-06	6.08827e-06	4.71308e-06	3.85406e-06	6.08827e-06	
-94	37.3	-94	37.3	-94	37.3	0	5.68434e-14	5.68434e-14	1.53525e-06	5.58755e-06	5.79463e-06	1.53525e-06	5.58755e-06	5.79463e-06	
-94	37.4	-94	37.4	-94	37.4	0	4.26326e-14	4.26326e-14	3.17031e-06	7.73756e-06	8.36186e-06	3.17031e-06	7.73756e-06	8.36186e-06	
-94	37.5	-94	37.5	-94	37.5	0	2.84217e-14	2.84217e-14	4.86647e-06	9.55175e-06	1.072e-05	4.86647e-06	9.55175e-06	1.072e-05	
-94	37.6	-94	37.6	-94	37.6	0	2.13163e-14	2.13163e-14	2.92507e-06	1.13405e-05	1.17116e-05	2.92507e-06	1.13405e-05	1.17116e-05	
-94	37.7	-94	37.7	-94	37.7	0	2.84217e-14	2.84217e-14	1.59339e-06	1.32667e-05	1.33621e-05	1.59339e-06	1.32667e-05	1.33621e-05	
-94	37.8	-94	37.8	-94	37.8	0	2.13163e-14	2.13163e-14	4.58168e-06	1.51073e-05	1.57868e-05	4.58168e-06	1.51073e-05	1.57868e-05	
-94	37.9	-94	37.9	-94	37.9	0	3.55271e-14	3.55271e-14	3.89868e-06	1.69219e-05	1.73652e-05	3.89868e-06	1.69219e-05	1.73652e-05	
