25
320333.24835 4284229.16444
319530.15772 4284248.49884
318660.36155 4284247.78342
318217.47832 4284994.44859
316321.34768 4285123.21634
315501.16925 4284320.00944
315137.41427 4285069.84840
316399.18694 4285850.68965
315396.01400 4286682.91481
318109.56401 4286617.74924
320606.80788 4286558.81227
319527.62620 4287394.85198
317212.35742 4287486.53848
315173.94764 4288304.42301
316400.12206 4288511.51637
318008.01647 4288452.37704
319174.95645 4288368.08104
320823.90437 4288169.81117
319662.03615 4289820.09079
320827.24235 4289789.41719
319693.02380 4291125.83119
318047.47442 4290124.05823
318069.95529 4290980.11877
316432.78441 4289899.11891
316464.94550 4291297.05437
